image: exploration_map.png
resolution: 0.05000000074505806
origin: [-4.291445922851563, -4.3556056976318365, 0.0]
negate: 0
occupied_thresh: 0.65
free_thresh: 0.196
